wloc4 =    [0   	500 	480 	400;...
            500   	500 	480 	400;...
            0   	80	 	480 	400;...
            500   	80	 	480 	400];

wloc9 =    [0   	720 	380 	270;...
         	400		720 	380 	270;...
        	800		720 	380 	270;...
        	0 		400 	380 	270;...
        	400		400 	380 	270;...
        	800 	400 	380 	270;...
        	0 		100 	380 	270;...
        	400		100 	380 	270;...
        	800 	100 	380 	270];

wloc12 =    [0   	720 	300 	270;...
         	300		720 	300 	270;...
        	600		720 	300 	270;...
        	900		720 	300 	270;...
        	0 		400 	300 	270;...
        	300		400 	300 	270;...
        	600 	400 	300 	270;...
        	900 	400 	300 	270;...
        	0 		100 	300 	270;...
        	300		100 	300 	270;...
        	600 	100 	300 	270;...
        	900 	100 	300 	270];

wloc20 = [	0		770		230		200;...
			240		770		230		200;...
			480		770		230		200;...
			720		770		230		200;...
			960		770		230		200;...
			0		530		230		200;...
			240		530		230		200;...
			480		530		230		200;...
			720		530		230		200;...
			960		530		230		200;...
			0		290		230		200;...
			240		290		230		200;...
			480		290		230		200;...
			720		290		230		200;...
			960		290		230		200;...
			0		50		230		200;...
			240		50		230		200;...
			480		50		230		200;...
			720		50		230		200;...
			960		50		230		200;];

wloc2_l1 = [	0		300		840		700;...
			840		300		840		700;];
        
wloc3_l1 = [	0		500		600		500;...
			600		500		600		500;...
			1200		500		600		500;];
        
wloc3_l2 = [ 0		0		600		500;...
			600		0		600		500;...
			1200		0		600		500;];

wloc4_l1 = [	0		600		480		400;...
			480		600		480		400;...
			960		600		480		400;...
			1440		600		480		400;];
        
wloc4_l2 = [ 0		100		480		400;...
			480		100		480		400;...
			960		100		480		400;...
			1440		100		480		400;];
        
wloc5_l1 = [ 0		700		360		300;...
			360		700		360		300;...
			720		700		360		300;...
			1080		700		360		300;...
			1440		700		360		300;];
        
wloc5_l2 = [ 0		350		360		300;...
			360		350		360		300;...
			720		350		360		300;...
			1080		350		360		300;...
			1440		350		360		300;];
        
wloc5_l3 = [ 0		0		360		300;...
			360		0		360		300;...
			720		0		360		300;...
			1080		0		360		300;...
			1440		0		360		300;];
        

